'ind_cco_fin_ult1':  0.6029735913394797
'ind_recibo_ult1':   0.12137655290589747
'ind_ctop_fin_ult1': 0.10799775391642036
'ind_ecue_fin_ult1': 0.08143126629940552
'ind_cno_fin_ult1':  0.07844221434637572
'ind_nom_pens_ult1': 0.05674045172906563
'ind_nomina_ult1':   0.0518671374996108
'ind_reca_fin_ult1': 0.04888882208376861
'ind_tjcr_fin_ult1': 0.0373867697946852
'ind_ctpp_fin_ult1': 0.03572153287688735
'ind_dela_fin_ult1': 0.03351624813855286
'ind_valo_fin_ult1': 0.02300410457816682
'ind_fond_fin_ult1': 0.015768752167438446
'ind_ctma_fin_ult1': 0.008693374160805413
'ind_ctju_fin_ult1': 0.00813936884192489
'ind_plan_fin_ult1': 0.007901017716360013
'ind_hip_fin_ult1':  0.004861504038548463
'ind_viv_fin_ult1':  0.0031769413538129203
'ind_pres_fin_ult1': 0.0021376445540525596
'ind_deme_fin_ult1': 0.0010962004468546777
'ind_deco_fin_ult1': 0.00034034822884714287
'ind_cder_fin_ult1': 0.0003392745751283821
'ind_ahor_fin_ult1': 0.00008374499006333483
'ind_aval_fin_ult1': 0.000017178459500171247


